name: vcf2maf
channels:
  - bioconda
  - conda-forge
  - defaults
dependencies:
  - htslib=1.9=hc238db4_4
  - libdeflate=1.0=h470a237_0
  - mysql-connector-c=6.1.6=2
  - perl-app-cpanminus=1.7044=pl526_1
  - perl-archive-extract=0.80=pl526_0
  - perl-archive-zip=1.60=pl526_0
  - perl-base=2.23=pl526_1
  - perl-bio-db-hts=2.7=pl526h2f8a211_3
  - perl-bioperl=1.6.924=4
  - perl-business-isbn=3.004=pl526_0
  - perl-business-isbn-data=20140910.003=pl526_0
  - perl-carp=1.38=pl526_1
  - perl-cgi=4.40=pl526h470a237_0
  - perl-class-inspector=1.32=pl526_0
  - perl-compress-raw-zlib=2.081=pl526h2d50403_0
  - perl-constant=1.33=pl526_1
  - perl-data-dumper=2.161=pl526_2
  - perl-dbd-mysql=4.046=pl526h2d50403_0
  - perl-dbi=1.642=pl526_0
  - perl-digest-hmac=1.03=pl526_2
  - perl-encode=2.88=pl526_1
  - perl-encode-locale=1.05=pl526_6
  - perl-exporter=5.72=pl526_1
  - perl-exporter-tiny=1.000000=pl526_0
  - perl-extutils-makemaker=7.34=pl526_2
  - perl-file-copy-recursive=0.44=pl526h470a237_0
  - perl-file-fetch=0.56=pl526_0
  - perl-file-listing=6.04=pl526_1
  - perl-file-path=2.15=pl526_0
  - perl-file-sharedir=1.116=pl526_0
  - perl-file-sharedir-install=0.13=pl526_0
  - perl-file-temp=0.2304=pl526_2
  - perl-html-parser=3.72=pl526h2d50403_4
  - perl-html-tagset=3.20=pl526_3
  - perl-http-cookies=6.04=pl526_0
  - perl-http-daemon=6.01=pl526_1
  - perl-http-date=6.02=pl526_3
  - perl-http-message=6.18=pl526_0
  - perl-http-negotiate=6.01=pl526_2
  - perl-io-html=1.001=pl526_2
  - perl-io-socket-ssl=2.056=pl526_0
  - perl-ipc-cmd=1.02=pl526_0
  - perl-ipc-system-simple=1.25=pl526h470a237_4
  - perl-libwww-perl=6.15=pl526_1
  - perl-list-moreutils=0.428=pl526_1
  - perl-list-moreutils-xs=0.428=pl526_0
  - perl-locale-maketext-simple=0.21=pl526_1
  - perl-lwp-mediatypes=6.02=pl526_3
  - perl-lwp-protocol-https=6.07=pl526_4
  - perl-lwp-simple=6.15=pl526h470a237_4
  - perl-mime-base64=3.15=pl526_1
  - perl-module-corelist=5.20180820=pl526_0
  - perl-module-load=0.32=pl526_1
  - perl-module-load-conditional=0.68=pl526_2
  - perl-module-metadata=1.000033=pl526_0
  - perl-mozilla-ca=20180117=pl526_0
  - perl-net-http=6.18=pl526_0
  - perl-net-ssleay=1.85=pl526h9dad42d_0
  - perl-ntlm=1.09=pl526_3
  - perl-params-check=0.38=pl526_1
  - perl-parent=0.236=pl526_1
  - perl-socket=2.027=pl526_1
  - perl-statistics-descriptive=3.0702=pl526_0
  - perl-storable=3.11=pl526_0
  - perl-test-requiresinternet=0.05=pl526_0
  - perl-threaded=5.22.0=13
  - perl-time-hires=1.9758=pl526_0
  - perl-time-local=1.28=pl526_1
  - perl-uri=1.74=pl526_0
  - perl-version=0.9924=pl526_0
  - perl-www-robotrules=6.02=pl526_3
  - perl-xsloader=0.24=pl526_0
  - perl-yaml=1.27=pl526_0
  - samtools=1.9=h8ee4bcc_1
  - variant-effect-predictor=87=0
  - vcf2maf=1.6.16=pl526hdbffeaa_4
  - bzip2=1.0.6=h470a237_2
  - ca-certificates=2018.10.15=ha4d7672_0
  - curl=7.62.0=h74213dd_0
  - krb5=1.16.2=hbb41f41_0
  - libcurl=7.62.0=hbdb9355_0
  - libedit=3.1.20170329=haf1bffa_1
  - libgcc=7.2.0=h69d50b8_2
  - libgcc-ng=7.2.0=hdf63c60_3
  - libssh2=1.8.0=h5b517e9_3
  - libstdcxx-ng=7.2.0=hdf63c60_3
  - ncurses=6.1=hfc679d8_1
  - openssl=1.0.2p=h470a237_1
  - perl=5.26.2=h470a237_0
  - tk=8.6.9=ha92aebf_0
  - xz=5.2.4=h470a237_1
  - zlib=1.2.11=h470a237_3
prefix: /gscmnt/gc3024/dinglab/medseq/Noncoding_eQTL/tool/miniconda3/envs/vcf2maf

